
X = [1 230 240]