
X = [1 230 240 13 219 215 14 12 199 197 219 11 200 203 204 18 209 208 190 15 180];
Theta = [2, 4, 6, 8, 10, 12, 14, 16, 18, 20, 22, 24, 26, 28, 30, 32, 34, 36, 38, 40, 42];

h = 1/(1+exp(-Theta.*X));