X = [1; 30; 40; 2];
Theta_1 = [1 2 3 4; 2 4 6 8; -3 -1 -2 -4];

E = Theta_1.*X';

G = 1/(1+exp(-E));
